{
  "camera_angle_x": 1.0887210859759295,
  "camera_angle_y": 0.8518080903222606,
  "fl_x": 528.6001157641903,
  "fl_y": 529.0156012622379,
  "k1": 0.1383278816997804,
  "k2": -0.24167610305379225,
  "p1": -0.002291386505512621,
  "p2": -0.004050310360919143,
  "cx": 327.0262788110074,
  "cy": 248.4613357933419,
  "w": 640.0,
  "h": 480.0,
  "aabb_scale": 4,
  "frames": [
    {
      "file_path": "./images/data_4.png",
      "sharpness": 109.26429598384435,
      "transform_matrix": [
        [
          -0.6770420701246758,
          -0.0835769098587644,
          0.7311832434055864,
          3.0552052493661876
        ],
        [
          0.7158735865334539,
          -0.30523937926026073,
          0.627976058024958,
          2.7317492149923437
        ],
        [
          0.17070162094761118,
          0.9486009811838715,
          0.26649040342991487,
          0.29326903511043634
        ],
        [
          0.0,
          0.0,
          0.0,
          1.0
        ]
      ]
    },
    {
      "file_path": "./images/data_33.png",
      "sharpness": 83.10753115230133,
      "transform_matrix": [
        [
          0.35865751871638835,
          -0.05837389706745306,
          0.9316422448701656,
          3.160992641036411
        ],
        [
          0.9332313611641642,
          0.044951910989232464,
          -0.3564527349286613,
          -0.7206978943357478
        ],
        [
          -0.02107156400707456,
          0.9972822137474063,
          0.07059869227367417,
          -0.01626038108030084
        ],
        [
          0.0,
          0.0,
          0.0,
          1.0
        ]
      ]
    },
    {
      "file_path": "./images/data_6.png",
      "sharpness": 91.14342233339946,
      "transform_matrix": [
        [
          -0.6714130890948956,
          -0.2539980678754384,
          0.6961964128929088,
          2.610393846824243
        ],
        [
          0.6648654250343216,
          -0.6214168385528296,
          0.41448169966472925,
          1.184005772653104
        ],
        [
          0.3273506230271627,
          0.7411653623106123,
          0.5861019325442391,
          1.682839302596116
        ],
        [
          0.0,
          0.0,
          0.0,
          1.0
        ]
      ]
    },
    {
      "file_path": "./images/data_30.png",
      "sharpness": 123.37727106386819,
      "transform_matrix": [
        [
          -0.4433026307155733,
          -0.38634845358465175,
          0.8088372209726501,
          2.8307959020259412
        ],
        [
          0.8893459972155201,
          -0.3023292660970964,
          0.3430170726041902,
          0.45701175606485933
        ],
        [
          0.11201104785491309,
          0.8713965155367439,
          0.47762080972906773,
          1.8104167703247176
        ],
        [
          0.0,
          0.0,
          0.0,
          1.0
        ]
      ]
    },
    {
      "file_path": "./images/data_28.png",
      "sharpness": 168.72323675520158,
      "transform_matrix": [
        [
          -0.630787677214981,
          -0.03137482028313516,
          0.775320918680316,
          2.87552944429015
        ],
        [
          0.7526812298527433,
          -0.2676235530198978,
          0.601538527524541,
          2.3463331982323465
        ],
        [
          0.1886209757934132,
          0.9630125931353841,
          0.1924288776945607,
          1.06891148775956
        ],
        [
          0.0,
          0.0,
          0.0,
          1.0
        ]
      ]
    },
    {
      "file_path": "./images/data_19.png",
      "sharpness": 95.54078480631509,
      "transform_matrix": [
        [
          0.916741771472972,
          0.3946775913746791,
          -0.06175858904345365,
          -0.2476131360922405
        ],
        [
          -0.19548945482709462,
          0.3084011811439404,
          -0.9309525146431759,
          -3.7482669913486206
        ],
        [
          -0.3483796743567849,
          0.8655162103341986,
          0.3598795522965598,
          1.3361125691736824
        ],
        [
          0.0,
          0.0,
          0.0,
          1.0
        ]
      ]
    },
    {
      "file_path": "./images/data_12.png",
      "sharpness": 179.76300970686805,
      "transform_matrix": [
        [
          0.7679171983650471,
          0.16356441905442046,
          0.6193140215528194,
          3.086933341832673
        ],
        [
          0.6222925287834602,
          0.038688086092855546,
          -0.781828140076055,
          -3.972059097611834
        ],
        [
          -0.15183933971628596,
          0.985773763513318,
          -0.07207566926984149,
          -0.15390233011636661
        ],
        [
          0.0,
          0.0,
          0.0,
          1.0
        ]
      ]
    },
    {
      "file_path": "./images/data_21.png",
      "sharpness": 157.5211848886702,
      "transform_matrix": [
        [
          0.7167485991496169,
          0.04012718088984526,
          0.696176166633313,
          2.177233028827055
        ],
        [
          0.6195400041979666,
          0.42158140463676713,
          -0.6621474929824162,
          -2.7334195770198764
        ],
        [
          -0.32006503843057516,
          0.905902273224105,
          0.2773074873839835,
          1.617510876187765
        ],
        [
          0.0,
          0.0,
          0.0,
          1.0
        ]
      ]
    },
    {
      "file_path": "./images/data_2.png",
      "sharpness": 95.99237630204094,
      "transform_matrix": [
        [
          -0.1789453130121819,
          -0.115411146678748,
          0.977066447172672,
          3.956267537473363
        ],
        [
          0.9667079275598692,
          -0.20524770609148385,
          0.15280432564921606,
          1.3362186705104857
        ],
        [
          0.18290532454049818,
          0.9718814981174928,
          0.1482969854346935,
          0.21357187521374169
        ],
        [
          0.0,
          0.0,
          0.0,
          1.0
        ]
      ]
    },
    {
      "file_path": "./images/data_1.png",
      "sharpness": 113.97415548933878,
      "transform_matrix": [
        [
          0.058835392353736304,
          -0.09462152542648485,
          0.9937731952261071,
          3.9301286094117085
        ],
        [
          0.9978495167550578,
          -0.023237253392446942,
          -0.06128924837602333,
          -0.12937822544881428
        ],
        [
          0.02889184172567273,
          0.9952420795957698,
          0.09305087050087656,
          -0.030454071669778343
        ],
        [
          0.0,
          0.0,
          0.0,
          1.0
        ]
      ]
    },
    {
      "file_path": "./images/data_32.png",
      "sharpness": 61.730206913884494,
      "transform_matrix": [
        [
          0.264576269969069,
          -0.311141626163958,
          0.9127925754817803,
          3.190422079385037
        ],
        [
          0.9624644292091682,
          0.1445861373554661,
          -0.22968907547317424,
          -1.0916288652705683
        ],
        [
          -0.06051132024083881,
          0.9393006639887747,
          0.33771680853985103,
          0.9262159616867519
        ],
        [
          0.0,
          0.0,
          0.0,
          1.0
        ]
      ]
    },
    {
      "file_path": "./images/data_16.png",
      "sharpness": 88.44269047020808,
      "transform_matrix": [
        [
          0.8869266282908984,
          0.2706393134861262,
          0.3743200743236408,
          1.3138036565608529
        ],
        [
          0.31360197621538966,
          0.24217258587890372,
          -0.9181537121650993,
          -3.784991929129594
        ],
        [
          -0.3391385506804404,
          0.9317224912283493,
          0.12991629150723866,
          1.000456174812383
        ],
        [
          0.0,
          0.0,
          0.0,
          1.0
        ]
      ]
    },
    {
      "file_path": "./images/data_5.png",
      "sharpness": 117.57417557160059,
      "transform_matrix": [
        [
          -0.6133150961643008,
          -0.15493530772765984,
          0.7744931524898518,
          2.943472667072689
        ],
        [
          0.7599655301019919,
          -0.38288497770424534,
          0.5252156575210256,
          1.989261631000002
        ],
        [
          0.2151673439017623,
          0.9107107906918176,
          0.3525746301893116,
          1.0050158050040738
        ],
        [
          0.0,
          0.0,
          0.0,
          1.0
        ]
      ]
    },
    {
      "file_path": "./images/data_10.png",
      "sharpness": 88.12206049930782,
      "transform_matrix": [
        [
          0.4396451493821886,
          0.09573665357708482,
          0.8930546656302366,
          4.10695056591591
        ],
        [
          0.89313284046053,
          0.05857379465554714,
          -0.4459628234175807,
          -2.0278394728442057
        ],
        [
          -0.09500458893459136,
          0.9936818423211872,
          -0.05975386464426783,
          -0.8169874839429738
        ],
        [
          0.0,
          0.0,
          0.0,
          1.0
        ]
      ]
    },
    {
      "file_path": "./images/data_15.png",
      "sharpness": 118.17889456748962,
      "transform_matrix": [
        [
          0.7263095791676142,
          0.05874923887131286,
          0.6848524820417634,
          2.5491422809895656
        ],
        [
          0.6045064470629897,
          0.4196528848027218,
          -0.6770992628382189,
          -2.4183022077668013
        ],
        [
          -0.32717938608520264,
          0.9057814213280649,
          0.26928361649978805,
          1.496984325684925
        ],
        [
          0.0,
          0.0,
          0.0,
          1.0
        ]
      ]
    },
    {
      "file_path": "./images/data_8.png",
      "sharpness": 150.14190582258442,
      "transform_matrix": [
        [
          -0.1819486998846985,
          0.029613617217162592,
          0.9828619965707,
          4.303464387089492
        ],
        [
          0.9814278366466812,
          -0.05631343527020301,
          0.18337992928101188,
          0.16182503709979948
        ],
        [
          0.06077887845446483,
          0.9979738627342482,
          -0.01881747194726819,
          -0.04097310937490187
        ],
        [
          0.0,
          0.0,
          0.0,
          1.0
        ]
      ]
    },
    {
      "file_path": "./images/data_18.png",
      "sharpness": 77.6020355182224,
      "transform_matrix": [
        [
          0.9053699181972817,
          0.4216350701462802,
          -0.05029094216205818,
          0.01043819720201295
        ],
        [
          -0.14661688667327408,
          0.19925950706994316,
          -0.9689164759588433,
          -4.135843677569391
        ],
        [
          -0.39850821796149893,
          0.8846013319465238,
          0.24222238491306047,
          0.5657527129057078
        ],
        [
          0.0,
          0.0,
          0.0,
          1.0
        ]
      ]
    },
    {
      "file_path": "./images/data_17.png",
      "sharpness": 66.58659499087864,
      "transform_matrix": [
        [
          0.9058092162659535,
          0.40390018942040085,
          0.1279621066221664,
          0.6545505927872078
        ],
        [
          0.10215338535125651,
          0.0849135963785192,
          -0.9911379152324709,
          -4.111492714520251
        ],
        [
          -0.4111865143775958,
          0.9108536205963284,
          0.035655746492642415,
          0.19102738973361927
        ],
        [
          0.0,
          0.0,
          0.0,
          1.0
        ]
      ]
    },
    {
      "file_path": "./images/data_7.png",
      "sharpness": 142.75787377098928,
      "transform_matrix": [
        [
          -0.5516846137375602,
          -0.11699472874917585,
          0.8258064666902925,
          3.3503997854379044
        ],
        [
          0.7834236696744943,
          -0.4124003232888801,
          0.46494443447040107,
          1.0696910491412461
        ],
        [
          0.2861668058428209,
          0.9034590233156687,
          0.3191713527881222,
          1.3910346490494605
        ],
        [
          0.0,
          0.0,
          0.0,
          1.0
        ]
      ]
    },
    {
      "file_path": "./images/data_22.png",
      "sharpness": 75.8814464059512,
      "transform_matrix": [
        [
          0.7939995325642272,
          0.09265246981036722,
          0.6008163297907165,
          2.226675603383702
        ],
        [
          0.5578425575594239,
          0.28175377183484834,
          -0.7806577310399367,
          -2.3104301508923513
        ],
        [
          -0.24161213395591205,
          0.9550027915722799,
          0.172026872411865,
          1.26433960268998
        ],
        [
          0.0,
          0.0,
          0.0,
          1.0
        ]
      ]
    },
    {
      "file_path": "./images/data_14.png",
      "sharpness": 152.17999159406025,
      "transform_matrix": [
        [
          0.7113421809895234,
          0.09315117351951895,
          0.696645649117515,
          2.702437478373622
        ],
        [
          0.6574650581585034,
          0.26219613005737213,
          -0.7063942855683355,
          -2.4440019385318488
        ],
        [
          -0.24845924988809098,
          0.9605082239476311,
          0.12526752528648047,
          1.0533555459937756
        ],
        [
          0.0,
          0.0,
          0.0,
          1.0
        ]
      ]
    },
    {
      "file_path": "./images/data_9.png",
      "sharpness": 96.01022178543941,
      "transform_matrix": [
        [
          0.2914740217334671,
          0.07516742272897796,
          0.9536208645117624,
          4.023431788205882
        ],
        [
          0.9486289851382284,
          0.10554388608039755,
          -0.29826755885729156,
          -0.8741901215059753
        ],
        [
          -0.12306885557088605,
          0.9915696378411915,
          -0.04054269499361411,
          -0.9147347946562461
        ],
        [
          0.0,
          0.0,
          0.0,
          1.0
        ]
      ]
    },
    {
      "file_path": "./images/data_11.png",
      "sharpness": 130.34179361596634,
      "transform_matrix": [
        [
          0.6156410887146379,
          0.055054224587387346,
          0.7861011908518496,
          3.9271569744081325
        ],
        [
          0.7785549990023394,
          0.11170700776814321,
          -0.6175545789191271,
          -2.832357226631866
        ],
        [
          -0.1218120003158172,
          0.992214985165881,
          0.02590868211072629,
          -0.5460942480523213
        ],
        [
          0.0,
          0.0,
          0.0,
          1.0
        ]
      ]
    },
    {
      "file_path": "./images/data_20.png",
      "sharpness": 105.08767116036945,
      "transform_matrix": [
        [
          0.8572981287739244,
          0.16619808345952763,
          0.4872556982452509,
          1.422183970428105
        ],
        [
          0.4014675597830369,
          0.3766626159387205,
          -0.8348347574197411,
          -3.7111696446551927
        ],
        [
          -0.3222789426206647,
          0.9113196315362782,
          0.2561890168162425,
          1.3552058420011763
        ],
        [
          0.0,
          0.0,
          0.0,
          1.0
        ]
      ]
    },
    {
      "file_path": "./images/data_13.png",
      "sharpness": 178.2003581343651,
      "transform_matrix": [
        [
          0.7142003385580147,
          0.09186635562273668,
          0.6938864814402811,
          2.849611326492444
        ],
        [
          0.677500526056225,
          0.1582799469660218,
          -0.7182899801486838,
          -3.5963375192686664
        ],
        [
          -0.17581499823939462,
          0.9831114032041135,
          0.05080408744880505,
          0.477005218168899
        ],
        [
          0.0,
          0.0,
          0.0,
          1.0
        ]
      ]
    },
    {
      "file_path": "./images/data_0.png",
      "sharpness": 173.4499865656428,
      "transform_matrix": [
        [
          0.5752948632024217,
          -0.1469417318821677,
          0.8046390170888652,
          3.0764841295244194
        ],
        [
          0.8138063045999183,
          0.0039789634653105985,
          -0.5811225915787405,
          -1.7459962849866424
        ],
        [
          0.08218953079067375,
          0.9891371468601285,
          0.12187118505700224,
          0.23403905194546312
        ],
        [
          0.0,
          0.0,
          0.0,
          1.0
        ]
      ]
    },
    {
      "file_path": "./images/data_27.png",
      "sharpness": 100.21110430161156,
      "transform_matrix": [
        [
          -0.44763757357088646,
          -0.08689829289906413,
          0.8899827467070118,
          3.4264442191036735
        ],
        [
          0.894060620964924,
          -0.024995499693064773,
          0.4472480643165867,
          2.0196836029919356
        ],
        [
          -0.016619529819374194,
          0.9959035654638921,
          0.08888126654292455,
          0.7327724094201281
        ],
        [
          0.0,
          0.0,
          0.0,
          1.0
        ]
      ]
    },
    {
      "file_path": "./images/data_26.png",
      "sharpness": 85.77730385630926,
      "transform_matrix": [
        [
          -0.24735260417235985,
          -0.13453944704425694,
          0.9595393824203032,
          4.188572706219822
        ],
        [
          0.9665260021050593,
          0.03539153614392142,
          0.2541159704233675,
          1.0279713927036351
        ],
        [
          -0.0681481948803188,
          0.9902760101990598,
          0.12128168524625187,
          0.4738060235812372
        ],
        [
          0.0,
          0.0,
          0.0,
          1.0
        ]
      ]
    },
    {
      "file_path": "./images/data_31.png",
      "sharpness": 49.1140017984602,
      "transform_matrix": [
        [
          0.11053743902798294,
          -0.48075643512088806,
          0.8698590257509259,
          2.9856898803671155
        ],
        [
          0.9938503670111796,
          0.047698682649606715,
          -0.09993139479293246,
          -0.6528547521660876
        ],
        [
          0.006551531498118808,
          0.87555587244945,
          0.4830724497129771,
          1.603782336455917
        ],
        [
          0.0,
          0.0,
          0.0,
          1.0
        ]
      ]
    },
    {
      "file_path": "./images/data_25.png",
      "sharpness": 92.52596309979754,
      "transform_matrix": [
        [
          0.08026745913059698,
          0.05534670276699465,
          0.9952355889511282,
          4.2843539489551405
        ],
        [
          0.9957034359906929,
          -0.05070158271157464,
          -0.07748559264079247,
          0.013034227521387238
        ],
        [
          0.04617144746609398,
          0.9971790671793641,
          -0.05917858933401006,
          -0.3182124632228242
        ],
        [
          0.0,
          0.0,
          0.0,
          1.0
        ]
      ]
    },
    {
      "file_path": "./images/data_23.png",
      "sharpness": 197.01888234853743,
      "transform_matrix": [
        [
          0.550710311069537,
          0.19347317895841723,
          0.8119644587805415,
          3.304577078819965
        ],
        [
          0.8272036636111717,
          0.003545495457908753,
          -0.5618910289106227,
          -2.6149124515398916
        ],
        [
          -0.11158965989214381,
          0.9810991583438775,
          -0.15808918153838197,
          -0.2369268503713457
        ],
        [
          0.0,
          0.0,
          0.0,
          1.0
        ]
      ]
    },
    {
      "file_path": "./images/data_24.png",
      "sharpness": 176.14829380353288,
      "transform_matrix": [
        [
          0.3221014244412655,
          0.14959120973278417,
          0.9348118218983696,
          3.94572839651063
        ],
        [
          0.9465945493951932,
          -0.035795698469285,
          -0.32043318652479247,
          -1.3342219728282545
        ],
        [
          -0.01447174590857761,
          0.9880997611370763,
          -0.15313206923631334,
          -0.4515241658792602
        ],
        [
          0.0,
          0.0,
          0.0,
          1.0
        ]
      ]
    },
    {
      "file_path": "./images/data_3.png",
      "sharpness": 66.03235128316881,
      "transform_matrix": [
        [
          -0.4056744757769083,
          -0.1264990743866477,
          0.905221632474507,
          3.480823997673673
        ],
        [
          0.8951094428683819,
          -0.25538691412163744,
          0.3654539771069779,
          2.069963390496062
        ],
        [
          0.1849521694788635,
          0.9585277817001226,
          0.21683446850417581,
          0.25640220207854153
        ],
        [
          0.0,
          0.0,
          0.0,
          1.0
        ]
      ]
    },
    {
      "file_path": "./images/data_29.png",
      "sharpness": 117.02649363241193,
      "transform_matrix": [
        [
          -0.5979538681582591,
          -0.2687326333880652,
          0.7551383603845393,
          2.5319345128219
        ],
        [
          0.7812558731950464,
          -0.40596669758215387,
          0.4741627368873589,
          1.590849429749389
        ],
        [
          0.17913802544468158,
          0.873483721783602,
          0.45269830531628036,
          1.9644055043087623
        ],
        [
          0.0,
          0.0,
          0.0,
          1.0
        ]
      ]
    }
  ]
}